c this file is generated by buildmiter
c generated on Fri Oct 27 09:27:45 2017
-3 -1 -14 0
3 1 -14 0
3 -1 14 0
-3 1 14 0
-14 -6 -15 0
14 15 0
6 15 0
-3 -1 16 0
3 -16 0
1 -16 0
6 17 0
-6 -17 0
7 18 0
-7 -18 0
-18 -17 -19 0
18 19 0
17 19 0
19 16 20 0
-19 -20 0
-16 -20 0
1 21 0
-1 -21 0
3 22 0
-3 -22 0
-22 -21 -23 0
22 23 0
21 23 0
-7 -17 -24 0
7 24 0
17 24 0
24 23 25 0
-24 -25 0
-23 -25 0
25 20 26 0
-25 -26 0
-20 -26 0
-26 -15 -10 0
26 10 0
15 10 0
-3 -4 -12 0
3 12 0
4 12 0
-2 -12 -11 0
2 11 0
12 11 0
-12 -5 -13 0
12 13 0
5 13 0
-10 -11 -8 0
10 8 0
11 8 0
-11 -13 -9 0
11 9 0
13 9 0
c The second camouflage circuit:
-29 -27 -40 0
29 27 -40 0
29 -27 40 0
-29 27 40 0
-40 -32 -41 0
40 41 0
32 41 0
-29 -27 42 0
29 -42 0
27 -42 0
32 43 0
-32 -43 0
33 44 0
-33 -44 0
-44 -43 -45 0
44 45 0
43 45 0
45 42 46 0
-45 -46 0
-42 -46 0
27 47 0
-27 -47 0
29 48 0
-29 -48 0
-48 -47 -49 0
48 49 0
47 49 0
-33 -43 -50 0
33 50 0
43 50 0
50 49 51 0
-50 -51 0
-49 -51 0
51 46 52 0
-51 -52 0
-46 -52 0
-52 -41 -36 0
52 36 0
41 36 0
-29 -30 -38 0
29 38 0
30 38 0
-28 -38 -37 0
28 37 0
38 37 0
-38 -31 -39 0
38 39 0
31 39 0
-36 -37 -34 0
36 34 0
37 34 0
-37 -39 -35 0
37 35 0
39 35 0
c Force PIs of 2 ckts to be the same:
1 -27 0
-1 27 0
2 -28 0
-2 28 0
3 -29 0
-3 29 0
4 -30 0
-4 30 0
5 -31 0
-5 31 0
c XOR outputs of 2 ckts:
-8 -34 -53 0
8 34 -53 0
8 -34 53 0
-8 34 53 0
-9 -35 -54 0
9 35 -54 0
9 -35 54 0
-9 35 54 0
c The last OR gate of the miter:
53 54 -55 0
-53 55 0
-54 55 0
55 0
c The CONST constrainsc this is forbidden constrains
-6 -7  0
